{
  "intrinsics": {
    "fx": 1604.3122590474056,
    "fy": 1604.3122590474056,
    "cx": 400.0,
    "cy": 400.0,
    "w": 800.0,
    "h": 800.0
  },
  "frames": [
    {
      "file": "images/000.png",
      "c2w_blender": [
        [
          1.9470718370939721e-07,
          -0.450985848903656,
          0.8925310969352722,
          0.11999999731779099
        ],
        [
          1.0,
          6.31464018852057e-08,
          -1.8624454867222084e-07,
          0.0
        ],
        [
          2.7633534571691598e-08,
          0.8925310969352722,
          0.450985848903656,
          0.07199999690055847
        ],
        [
          0.0,
          0.0,
          0.0,
          1.0
        ]
      ],
      "w2c": [
        [
          1.9470718370939721e-07,
          1.0,
          2.76335256899074e-08,
          -2.5354475852168434e-08
        ],
        [
          -0.450985848903656,
          6.314639477977835e-08,
          0.8925310969352722,
          -0.010143931955099106
        ],
        [
          0.8925310969352722,
          -1.8624454867222084e-07,
          0.450985848903656,
          -0.13957470655441284
        ],
        [
          -0.0,
          0.0,
          -0.0,
          1.0
        ]
      ]
    },
    {
      "file": "images/001.png",
      "c2w_blender": [
        [
          -0.9510564804077148,
          -0.13936227560043335,
          0.27580732107162476,
          0.037082038819789886
        ],
        [
          0.30901703238487244,
          -0.42891281843185425,
          0.8488476276397705,
          0.1141267791390419
        ],
        [
          -3.7254160645261436e-08,
          0.8925312161445618,
          0.4509856402873993,
          0.07199999690055847
        ],
        [
          0.0,
          0.0,
          0.0,
          1.0
        ]
      ],
      "w2c": [
        [
          -0.9510565400123596,
          0.30901703238487244,
          -4.470348358154297e-08,
          6.984919309616089e-10
        ],
        [
          -0.13936227560043335,
          -0.42891281843185425,
          0.8925312161445618,
          -0.01014396920800209
        ],
        [
          0.27580732107162476,
          0.8488475680351257,
          0.4509856104850769,
          -0.13957469165325165
        ],
        [
          -0.0,
          -0.0,
          -0.0,
          1.0
        ]
      ]
    },
    {
      "file": "images/002.png",
      "c2w_blender": [
        [
          -0.5877851843833923,
          0.3648551106452942,
          -0.7220728993415833,
          -0.09708204120397568
        ],
        [
          -0.80901700258255,
          -0.26508262753486633,
          0.5246166586875916,
          0.07053422927856445
        ],
        [
          8.162553655211013e-08,
          0.8925312161445618,
          0.4509856402873993,
          0.07199999690055847
        ],
        [
          0.0,
          0.0,
          0.0,
          1.0
        ]
      ],
      "w2c": [
        [
          -0.5877852439880371,
          -0.8090170621871948,
          8.94069742685133e-08,
          -4.256260677237833e-09
        ],
        [
          0.3648551106452942,
          -0.2650826573371887,
          0.8925312161445618,
          -0.010143964551389217
        ],
        [
          -0.7220730185508728,
          0.5246166586875916,
          0.4509856700897217,
          -0.13957472145557404
        ],
        [
          -0.0,
          0.0,
          -0.0,
          1.0
        ]
      ]
    },
    {
      "file": "images/003.png",
      "c2w_blender": [
        [
          0.5877851843833923,
          0.3648552894592285,
          -0.7220728397369385,
          -0.09708204120397568
        ],
        [
          -0.8090170621871948,
          0.2650827467441559,
          -0.5246165990829468,
          -0.07053422927856445
        ],
        [
          -7.512537081311166e-08,
          0.8925310969352722,
          0.450985848903656,
          0.07199999690055847
        ],
        [
          0.0,
          0.0,
          0.0,
          1.0
        ]
      ],
      "w2c": [
        [
          0.5877851843833923,
          -0.8090170621871948,
          -8.940696716308594e-08,
          2.3283064365386963e-10
        ],
        [
          0.3648552894592285,
          0.2650827467441559,
          0.892531156539917,
          -0.010143935680389404
        ],
        [
          -0.7220728993415833,
          -0.524616539478302,
          0.450985848903656,
          -0.13957470655441284
        ],
        [
          -0.0,
          0.0,
          -0.0,
          1.0
        ]
      ]
    },
    {
      "file": "images/004.png",
      "c2w_blender": [
        [
          0.9510564804077148,
          -0.13936227560043335,
          0.27580732107162476,
          0.037082038819789886
        ],
        [
          0.30901703238487244,
          0.4289129376411438,
          -0.8488475680351257,
          -0.1141267791390419
        ],
        [
          7.580762684256115e-10,
          0.892531156539917,
          0.45098575949668884,
          0.07199999690055847
        ],
        [
          0.0,
          0.0,
          0.0,
          1.0
        ]
      ],
      "w2c": [
        [
          0.9510565400123596,
          0.30901703238487244,
          0.0,
          4.023429589494754e-09
        ],
        [
          -0.13936227560043335,
          0.4289129376411438,
          0.892531156539917,
          -0.010143950581550598
        ],
        [
          0.27580732107162476,
          -0.8488475680351257,
          0.45098572969436646,
          -0.13957469165325165
        ],
        [
          -0.0,
          0.0,
          -0.0,
          1.0
        ]
      ]
    }
  ]
}